-4.670638702209635
-1.37405217951175
2.5868931399248667
-1.23107103170979
2.03940314927905
-1.5864250259529131
-1.4185450257726917
-1.9771802008856783
-1.7915057156200471
14.377944275219116
2.60865568991088
-12.028781102130637
4.1798094277498485
0.10533624226435806
1.657161461008459
4.648112235895657
9.878281928690395
-8.943485138286661
-2.6617554134317656
-0.29923529625236434
1.5363906823605296
-0.21787458757007772
-1.0261380263744673
-0.3130412584270485
-0.18946336722107412
0.03748639157821657
-0.022033438582962802
0.024148771417185286
-0.02290851058905825
0.009260496448939727
0.15664771483714293
0.023794295715174503
0.07793707449120979
0.11869861966829665
0.05540666059091089
0.08459751492045102
-0.15920354728924185
-0.015562617445093761
-0.14333365394853131
-3.4589753419027587
-2.006293893246217
0.7668675992468279
