-247373.67197832937
-944438.7798809257
-3205693.0709442305
-857602.346932614
321612.7430951782
564432.3947958881
1225470.6991008595
202337.59575750024
-240111.74057774327
1091790.5763337598
1514323.541924424
4965521.831735343
1226801.884300173
-58343.13660664963
-493603.08582121425
-1916097.9978912286
-413003.0925465729
264064.8729586175
-844417.1284553172
-569884.3095489432
-1759832.1249364077
-369192.38363174757
-263274.9898959902
-70825.06417851854
690621.4788070928
210670.91851683863
-23956.88966041147
