4386.83958760955
-5171602.294533195
-4727.956555504068
-1833243.4605035437
-17948.618155887867
1333860.3339699686
3086.4624381113763
720302.0567764356
11660.745018207352
-1781696.806521732
-4232.132622887742
3912767.5032700244
2571.991784086397
3795257.8282958986
7245.020925903878
1906593.1378853123
-567.6033400670467
-134294.89845340094
16591.831493768455
-1884485.9802511735
-1188.388701529237
-536632.1079781974
1619.9825339876877
357672.52749397303
-1522.5288501814575
-328906.5989009957
-2218.8512133172053
-548703.3792841802
-61984.064341910234
8428536.70754697
