-1.0712412746805786
-0.9970608964996627
0.30179467530407844
-1.2726715803876347
1.2749560198153873
-0.7153581343747174
0.09090320122977433
-1.6101911491023986
-1.631213228211492
2.4049887506879224
0.6373333779153967
-2.0746132872805103
0.5385721848532323
0.3039057138399974
0.837026553807172
0.8790190234704901
1.700261269146993
-1.8416903082236986
0.11820133991335284
-0.0709303382430253
-0.19119651266931173
-0.9513005292662958
-0.089596086576046
-0.2779522050447558
0.3527287406877923
-1.1392528450251393
-1.3002226671300077
-1.1705601527495262
-1.3917284288234841
0.5947665180633245
0.9632645290185637
-2.0127934689095364
-0.31632206164710425
0.21594525050234448
-1.009133342077736
-0.3694926445208303
0.1040989499166196
-0.3017933998591693
-0.9624546559825777
-0.9049033244992626
-1.625329565565176
-0.4334020194264461
