-0.0816227971051542
0.8090969161857159
-1.73569559351871
0.40286798513160543
0.8102762908284137
0.11286439823878652
0.2762311945264996
0.700909493394648
-0.6735758798553908
0.3430697511380241
-0.39062404924346905
1.0524799625595072
2.082379905086227
-0.11926526635234272
0.7370797380504511
-0.9275780297396661
0.4551184530107231
-0.37913809019188455
-1.0071694528958126
1.8245975517134327
-0.6272061925761718
1.459777149536381
0.023220792104150526
-0.4278099209117842
-0.18872556535223056
0.694592686569079
-0.42882301153383756
