0.7081853469854617
0.5444070615178057
0.6314491275120576
0.6661216635786669
0.8163414284796219
1.2317051267605788
0.9495326520553461
-1.172853895846531
-1.0499504340933898
0.2173688617466589
-0.04121396104855448
-0.05733233259645407
-0.400091760833593
-0.4269471953343738
0.5141925609001466
-0.8243478185445666
1.290025933891051
0.25788769653908844
-0.5040784594214804
-1.895947650870856
-0.06292409235515668
0.0093432906737141
-0.5609787503057069
-0.31956889747991474
-0.4988905218076045
0.6834369767907619
-0.15364159268545935
