-1.048194731506438
0.19076301983331811
1.2955512921405101
-0.0013947075748328703
0.07704988214952092
-0.7000070586277636
-0.9235904677013308
0.12211915622453481
0.5219803209527962
0.6665615692067887
-1.1279655609634827
-0.18990332723267542
-0.02123002973879291
0.5352438827713139
-0.8868047171333598
-0.5973718978177573
-0.4444687656423526
-0.5798188257534368
0.44782941827804346
0.5659522385833383
-0.42248755646387465
-0.49106718819986755
-0.9500788796893557
0.7889417974125205
-0.01261976307417622
-0.739145116810644
0.8112070704065477
2.1910643679481856
0.9392384530585332
-1.3566076219106982
